26 22 21
1 3 2 22 15 5 23 8 25 -2 10 11 12 13 14 16 17 18 19 20  21 -2
1 1 1  0  0 0 0  0  0  0  0  0  0  0  0  0  0  0  0  0  0  0
-2 2 2  0  0 0 -2  0  0  0  0  0  0  0  0  0  0  0  0  0  0  0
-2 -2 -2  0  0 0 -2  0  0  0  0  0  0  0  0  0  0  0  0  0  0  0
0 0 0  0  0 0 0  0  0  0  0  0  0  0  0  0  0  0  0  0  0  0
0 0 0  0  0 6 0  0  0  0  0  0  0  0  0  0  0  0  0  0  0  0
0 0 0  0  0 0 0  0  0  0  0  0  0  0  0  0  0  0  0  0  0  0
0 -2 -2  0  0 0 0  0  0  0  0  0  0  0  0  0  0  0  0  0  0  0
0 0 0  0  0 0 0  0  0  0  0  0  0  0  0  0  0  0  0  0  0  0
0 0 0  0  0 0 0  0  0  0  0  0  0  0  0  0  0  0  0  0  0  0
0 0 0  0  0 0 0  0  0  0  0  0  0  0  0  0  0  0  0  0  0  0
0 0 0  0  0 0 0  0  0  0  0  0  0  0  0  0  0  0  0  0  0  0
0 0 0  0  0 0 0  0  0  0  0  0  0  0  0  0  0  0  0  0  0  0
0 0 0  0  0 0 0  0  0  0  0  0  0  0  0  0  0  0  0  0  0  0
0 0 0  0  0 0 0  0  0  0  0  0  0  0  0  0  0  0  0  0  0  0
0 0 0  0  0 0 0  0  0  0  0  0  0  0  0  0  0  0  0  0  0  0
0 0 0  0  0 0 0  0  0  0  0  0  0  0  0  0  0  0  0  0  0  0
0 0 0  0  0 0 0  0  0  0  0  0  0  0  0  0  0  0  0  0  0  0
0 0 0  0  0 0 0  0  0  0  0  0  0  0  0  0  0  0  0  0  0  0
0 0 0  0  0 0 0  0  0  0  0  0  0  0  0  0  0  0  0  0  0  0
0 0 0  0  0 0 0  0  0  0  0  0  0  0  0  0  0  0  0  0  0  0
0 0 0  0  0 0 0  0  0  0  0  0  0  0  0  0  0  0  0  0  0  0
-1 -1 -1 -1  4 -1 -1 -1 -1 -1 -1 -1 -1 -1 -1 -1 -1 -1 -1 -1 -1 -1
24 24 24 24 24 24 -2 24 24 24 24 24 24 24 24 24 24 24 24 24 24 24
-3 -3 -3 -3 -3 -3  7 -3 -3 -3 -3 -3 -3 -3 -3 -3 -3 -3 -3 -3 -3 -3
25 25 25 25 25 25 25 25 25  9 25 25 25 25 25 25 25 25 25 25 25 25